$ 1 0.000005 10.20027730826997 50 5 43
t 272 144 320 144 0 1 0 0 100
r 272 272 208 272 0 1000
r 272 144 208 144 0 1000
L 208 144 144 144 0 1 false 5 0
L 208 272 160 272 0 1 false 5 0
w 320 256 320 224 0
w 320 160 208 272 0
w 208 144 320 224 0
r 320 128 320 64 0 1000
M 320 128 368 128 0 2.5
M 320 288 400 288 0 2.5
t 272 352 320 352 0 1 0 0 100
w 272 352 272 272 0
w 320 288 320 336 0
w 320 256 368 256 0
w 368 256 320 368 0
R 320 64 368 64 0 0 40 5 0 0 0.5
R 400 208 496 112 0 0 40 5 0 0 0.5
r 400 208 320 288 0 1000
